+-------------------------------------------------------------------------------------------------------------------------------------------------------------------------------------------------------------------------------+
; Legal Partition Candidates                                                                                                                                                                                                    ;
+--------------------------+-------+----------------+--------------+----------------+--------+-----------------+---------------+-----------------+-------+----------------+--------------+------------------+-------------------+
; Hierarchy                ; Input ; Constant Input ; Unused Input ; Floating Input ; Output ; Constant Output ; Unused Output ; Floating Output ; Bidir ; Constant Bidir ; Unused Bidir ; Input only Bidir ; Output only Bidir ;
+--------------------------+-------+----------------+--------------+----------------+--------+-----------------+---------------+-----------------+-------+----------------+--------------+------------------+-------------------+
; WB_Logic                 ; 229   ; 64             ; 29           ; 64             ; 70     ; 64              ; 64            ; 64              ; 0     ; 0              ; 0            ; 0                ; 0                 ;
; MEM_WB_REGS              ; 169   ; 2              ; 0            ; 2              ; 165    ; 2               ; 2             ; 2               ; 0     ; 0              ; 0            ; 0                ; 0                 ;
; ME_Logic                 ; 295   ; 3              ; 93           ; 3              ; 197    ; 3               ; 3             ; 3               ; 0     ; 0              ; 0            ; 0                ; 0                 ;
; IE_MEM_Regs              ; 266   ; 2              ; 0            ; 2              ; 262    ; 2               ; 2             ; 2               ; 0     ; 0              ; 0            ; 0                ; 0                 ;
; IE_Logic|IE_BranchAddr   ; 129   ; 67             ; 0            ; 67             ; 66     ; 67              ; 67            ; 67              ; 0     ; 0              ; 0            ; 0                ; 0                 ;
; IE_Logic|IE_ALU|IE_Addr0 ; 129   ; 0              ; 0            ; 0              ; 66     ; 0               ; 0             ; 0               ; 0     ; 0              ; 0            ; 0                ; 0                 ;
; IE_Logic|IE_ALU          ; 137   ; 0              ; 0            ; 0              ; 66     ; 0               ; 0             ; 0               ; 0     ; 0              ; 0            ; 0                ; 0                 ;
; IE_Logic                 ; 298   ; 59             ; 24           ; 59             ; 199    ; 59              ; 59            ; 59              ; 0     ; 0              ; 0            ; 0                ; 0                 ;
; ID_IE_Regs               ; 366   ; 2              ; 0            ; 2              ; 362    ; 2               ; 2             ; 2               ; 0     ; 0              ; 0            ; 0                ; 0                 ;
; ID_Logic|ID_CTRL         ; 17    ; 75             ; 0            ; 75             ; 96     ; 75              ; 75            ; 75              ; 0     ; 0              ; 0            ; 0                ; 0                 ;
; ID_Logic|ID_REGBLK0      ; 82    ; 0              ; 0            ; 0              ; 128    ; 0               ; 0             ; 0               ; 0     ; 0              ; 0            ; 0                ; 0                 ;
; ID_Logic                 ; 136   ; 0              ; 32           ; 0              ; 298    ; 0               ; 0             ; 0               ; 0     ; 0              ; 0            ; 0                ; 0                 ;
; IF_ID_Regs               ; 132   ; 2              ; 0            ; 2              ; 128    ; 2               ; 2             ; 2               ; 0     ; 0              ; 0            ; 0                ; 0                 ;
; IF_Logic                 ; 35    ; 36             ; 0            ; 36             ; 193    ; 36              ; 36            ; 36              ; 0     ; 0              ; 0            ; 0                ; 0                 ;
+--------------------------+-------+----------------+--------------+----------------+--------+-----------------+---------------+-----------------+-------+----------------+--------------+------------------+-------------------+
